SENTINEL-1B             
1 41456U 16025A   16137.46113963 -.00000069  00000-0 -51179-5 0  9990
2 41456  98.1864 144.5908 0001744  41.6140 318.5185 14.58359713  3001
MICROSCOPE              
1 41457U 16025B   16136.49170775  .00000200  00000-0  57983-4 0  9990
2 41457  98.2314 143.6444 0001888  77.0891 283.0473 14.53910629  2833
OUFTI-1                 
1 41458U 16025C   16137.01761997  .00002398  00000-0  13998-3 0  9999
2 41458  98.2193 145.6602 0176569 174.6833 185.6320 15.00833385  2953
E-ST@R-II               
1 41459U 16025D   16136.55069465  .00001827  00000-0  10765-3 0  9994
2 41459  98.2177 145.1695 0177028 176.0772 184.1872 15.00840614  2883
AAUSAT 4                
1 41460U 16025E   16137.48376498  .00003620  00000-0  20785-3 0  9992
2 41460  98.2162 146.1578 0177178 172.9453 187.4413 15.00902332  3027
ASAP-S                  
1 41461U 16025F   16135.55828993  .00002116  00000-0  12511-3 0  9998
2 41461  98.2144 144.1032 0179440 179.4750 180.6573 15.00215832  2783
DIWATA-1                
1 41463U 98067HT  16137.46178491  .00009718  00000-0  14911-3 0  9990
2 41463  51.6428 216.2548 0001115  94.5781 352.2646 15.54993989  2929
MVL-300                 
1 41464U 16026A   16137.40909602  .00001497  00000-0  55335-4 0  9998
2 41464  97.2758  43.1532 0011900 189.0744 233.3139 15.29207220  2782
AIST-2D                 
1 41465U 16026B   16137.54737675  .00003418  00000-0  12338-3 0  9993
2 41465  97.2753  43.2845 0012287 186.1226 268.4995 15.29106045  2803
SAMSAT-218D             
1 41466U 16026C   16137.22183823  .00007046  00000-0  24868-3 0  9991
2 41466  97.2735  42.9749 0010940 192.2163 290.9266 15.29486096  2757
IRNSS-1G                
1 41469U 16027A   16134.70395671 -.00000359  00000-0  00000+0 0  9990
2 41469   5.0468 274.7566 0009559 141.1009 198.8661  1.00290265   228
PSLV R/B                
1 41470U 16027B   16135.20312114  .00000395  00000-0  63366-4 0  9997
2 41470  17.7260 264.1383 6084597 201.5377 114.6264  3.92319158   625
JCSAT-14                
1 41471U 16028A   16136.54523647 -.00000009  00000-0  00000+0 0  9996
2 41471   0.0213 269.5579 0012590  40.9753 294.9790  1.00185142   151
FALCON 9 R/B            
1 41472U 16028B   16134.89843213  .00020499  80011-6  87614-3 0  9997
2 41472  23.6816 131.5932 7311092 184.0822 162.2539  2.28071187   181
2016-029A               
1 41473U 16029A   16137.51414261 -.00000053  00000-0  00000+0 0  9997
2 41473  98.0695 189.7656 0020134 225.9358 134.0234 14.75910599   203
